22
90
21
116
155
97
261
228
143
262
132
48
118
171
220
223
87
233
86
202
263
127
230
11
18
129
123
237
112
186
231
157
226
45
196
241
247
236
264
164
257
25
3
152
17
89
61
13
79
42
117
161
133
259
162
52
4
165
24
49
146
188
36
170
83
239
235
33
197
80
258
255
138
181
95
158
265
107
92
141
198
256
74
125
234
227
260
140
68
54
71
150
28
149
179
15
148
216
166
82
88
65
178
37
232
29
69
124
114
185
249
142
119
14
67
201
72
151
75
163
62
168
173
43
160
189
76
102
153
7
211
246
203
244
243
63
85
238
145
40
66
16
229
131
50
137
177
183
41
225
195